3.8830E-02	0.0000E+00
3.8840E-02	0.0000E+00
3.8850E-02	0.0000E+00
3.8860E-02	0.0000E+00
3.8870E-02	0.0000E+00
3.8880E-02	0.0000E+00
3.8890E-02	0.0000E+00
3.8900E-02	0.0000E+00
3.8920E-02	0.0000E+00
3.8930E-02	0.0000E+00
3.8950E-02	0.0000E+00
3.8970E-02	0.0000E+00
3.9000E-02	0.0000E+00
3.9020E-02	0.0000E+00
3.9050E-02	0.0000E+00
3.9090E-02	0.0000E+00
3.9130E-02	0.0000E+00
3.9170E-02	0.0000E+00
3.9220E-02	0.0000E+00
3.9270E-02	0.0000E+00
3.9330E-02	0.0000E+00
3.9400E-02	0.0000E+00
3.9480E-02	0.0000E+00
3.9570E-02	0.0000E+00
3.9670E-02	0.0000E+00
3.9790E-02	0.0000E+00
3.9920E-02	0.0000E+00
4.0070E-02	0.0000E+00
4.0250E-02	0.0000E+00
4.0440E-02	0.0000E+00
4.0670E-02	0.0000E+00
4.0930E-02	0.0000E+00
4.1230E-02	0.0000E+00
4.1580E-02	0.0000E+00
4.1980E-02	0.0000E+00
4.2440E-02	0.0000E+00
4.2970E-02	0.0000E+00
4.3590E-02	0.0000E+00
4.4300E-02	0.0000E+00
4.5130E-02	0.0000E+00
4.6100E-02	0.0000E+00
4.7210E-02	0.0000E+00
4.8510E-02	0.0000E+00
5.0000E-02	0.0000E+00
5.1730E-02	0.0000E+00
5.3720E-02	0.0000E+00
5.6020E-02	0.0000E+00
5.8650E-02	0.0000E+00
6.1650E-02	0.0000E+00
6.5060E-02	0.0000E+00
6.8930E-02	0.0000E+00
7.3270E-02	0.0000E+00
7.8130E-02	0.0000E+00
8.3550E-02	0.0000E+00
8.9490E-02	0.0000E+00
9.5970E-02	0.0000E+00
1.0300E-01	0.0000E+00
1.1050E-01	0.0000E+00
1.1840E-01	0.0000E+00
1.2680E-01	0.0000E+00
1.3550E-01	0.0000E+00
1.4450E-01	0.0000E+00
1.5360E-01	0.0000E+00
1.6280E-01	0.0000E+00
1.7210E-01	0.0000E+00
1.8130E-01	0.0000E+00
1.9040E-01	0.0000E+00
1.9940E-01	0.0000E+00
2.0820E-01	0.0000E+00
2.1680E-01	0.0000E+00
2.2520E-01	0.0000E+00
2.3330E-01	0.0000E+00
2.4130E-01	0.0000E+00
2.4910E-01	0.0000E+00
2.5670E-01	0.0000E+00
2.6410E-01	0.0000E+00
2.7160E-01	0.0000E+00
2.7880E-01	0.0000E+00
2.8590E-01	0.0000E+00
2.9300E-01	0.0000E+00
3.0010E-01	0.0000E+00
3.0710E-01	0.0000E+00
3.1420E-01	0.0000E+00
3.2140E-01	0.0000E+00
3.2850E-01	0.0000E+00
3.3580E-01	0.0000E+00
3.4320E-01	0.0000E+00
3.5070E-01	0.0000E+00
3.5830E-01	0.0000E+00
3.6610E-01	0.0000E+00
3.7400E-01	0.0000E+00
3.8210E-01	0.0000E+00
3.9040E-01	0.0000E+00
3.9890E-01	0.0000E+00
4.0760E-01	0.0000E+00
4.1650E-01	0.0000E+00
4.2570E-01	0.0000E+00
4.3510E-01	0.0000E+00
4.4470E-01	0.0000E+00
4.5460E-01	0.0000E+00
4.6480E-01	0.0000E+00
4.7530E-01	0.0000E+00
4.8610E-01	0.0000E+00
4.9720E-01	0.0000E+00
5.0860E-01	0.0000E+00
5.2040E-01	0.0000E+00
5.3260E-01	0.0000E+00
5.4510E-01	0.0000E+00
5.5810E-01	0.0000E+00
5.7140E-01	0.0000E+00
5.8520E-01	0.0000E+00
5.9940E-01	0.0000E+00
6.1410E-01	0.0000E+00
6.2930E-01	0.0000E+00
6.4500E-01	0.0000E+00
6.6120E-01	0.0000E+00
6.7800E-01	0.0000E+00
6.9530E-01	0.0000E+00
7.1320E-01	0.0000E+00
7.3170E-01	0.0000E+00
7.5090E-01	0.0000E+00
7.7080E-01	0.0000E+00
7.9140E-01	0.0000E+00
8.1270E-01	0.0000E+00
8.3480E-01	0.0000E+00
8.5770E-01	0.0000E+00
8.8130E-01	0.0000E+00
9.0590E-01	0.0000E+00
9.3120E-01	0.0000E+00
9.5740E-01	0.0000E+00
9.8450E-01	0.0000E+00
1.0130E+00	0.0000E+00
1.0410E+00	0.0000E+00
1.0710E+00	0.0000E+00
1.1020E+00	0.0000E+00
1.1330E+00	0.0000E+00
1.1660E+00	0.0000E+00
1.1990E+00	0.0000E+00
1.2330E+00	0.0000E+00
1.2680E+00	0.0000E+00
1.3040E+00	0.0000E+00
1.3410E+00	0.0000E+00
1.3790E+00	0.0000E+00
1.4180E+00	0.0000E+00
1.4570E+00	0.0000E+00
1.4980E+00	0.0000E+00
1.5400E+00	0.0000E+00
1.5830E+00	0.0000E+00
1.6270E+00	0.0000E+00
1.6720E+00	0.0000E+00
1.7190E+00	0.0000E+00
1.7670E+00	0.0000E+00
1.8160E+00	0.0000E+00
1.8660E+00	0.0000E+00
1.9180E+00	0.0000E+00
1.9720E+00	0.0000E+00
2.0270E+00	0.0000E+00
2.0840E+00	0.0000E+00
2.1420E+00	0.0000E+00
2.2020E+00	0.0000E+00
2.2640E+00	0.0000E+00
2.3280E+00	0.0000E+00
2.3930E+00	0.0000E+00
2.4610E+00	0.0000E+00
2.5300E+00	0.0000E+00
2.6020E+00	0.0000E+00
2.6750E+00	0.0000E+00
2.7510E+00	0.0000E+00
2.8280E+00	0.0000E+00
2.9080E+00	0.0000E+00
2.9890E+00	1.3236E-06
3.0730E+00	1.9915E-05
3.1590E+00	2.4160E-04
3.2470E+00	2.3895E-03
3.3370E+00	1.9493E-02
3.4290E+00	1.3279E-01
3.5230E+00	7.6419E-01
3.6190E+00	3.7415E+00
3.7170E+00	1.5910E+01
3.8170E+00	5.9130E+01
3.9190E+00	1.9397E+02
4.0230E+00	5.6733E+02
4.1290E+00	1.4929E+03
4.2360E+00	3.5656E+03
4.3430E+00	7.7925E+03
4.4490E+00	1.5693E+04
4.5530E+00	2.9351E+04
4.6520E+00	5.1332E+04
4.7440E+00	8.4549E+04
4.8290E+00	1.3182E+05
4.9060E+00	1.9626E+05
4.9730E+00	2.8038E+05
5.0320E+00	3.8643E+05
5.0830E+00	5.1651E+05
5.1260E+00	6.7266E+05
5.1640E+00	8.5633E+05
5.1970E+00	1.0695E+06
5.2250E+00	1.3146E+06
5.2500E+00	1.5940E+06
5.2730E+00	1.9102E+06
5.2940E+00	2.2661E+06
5.3140E+00	2.6665E+06
5.3330E+00	3.1146E+06
5.3510E+00	3.6144E+06
5.3690E+00	4.1726E+06
5.3880E+00	4.7935E+06
5.4060E+00	5.4848E+06
5.4250E+00	6.2508E+06
5.4450E+00	7.1060E+06
5.4650E+00	8.0514E+06
5.4850E+00	9.1053E+06
5.5070E+00	1.0268E+07
5.5290E+00	1.1556E+07
5.5530E+00	1.2989E+07
5.5770E+00	1.4567E+07
5.6020E+00	1.6320E+07
5.6290E+00	1.8253E+07
5.6560E+00	2.0397E+07
5.6850E+00	2.2757E+07
5.7140E+00	2.5365E+07
5.7450E+00	2.8243E+07
5.7770E+00	3.1411E+07
5.8100E+00	3.4904E+07
5.8450E+00	3.8746E+07
5.8810E+00	4.2967E+07
5.9170E+00	4.7604E+07
5.9550E+00	5.2686E+07
5.9950E+00	5.8263E+07
6.0350E+00	6.4375E+07
6.0770E+00	7.1060E+07
6.1200E+00	7.8346E+07
6.1640E+00	8.6295E+07
6.2100E+00	9.4907E+07
6.2560E+00	1.0436E+08
6.3040E+00	1.1466E+08
6.3530E+00	1.2580E+08
6.4040E+00	1.3790E+08
6.4550E+00	1.5103E+08
6.5080E+00	1.6530E+08
6.5620E+00	1.8072E+08
6.6170E+00	1.9740E+08
6.6740E+00	2.1553E+08
6.7320E+00	2.3504E+08
6.7910E+00	2.5624E+08
6.8520E+00	2.7912E+08
6.9150E+00	3.0387E+08
6.9790E+00	3.3061E+08
7.0450E+00	3.5951E+08
7.1130E+00	3.9077E+08
7.1820E+00	4.2455E+08
7.2530E+00	4.6104E+08
7.3270E+00	5.0055E+08
7.4030E+00	5.4324E+08
7.4820E+00	5.8937E+08
7.5630E+00	6.3954E+08
7.6480E+00	6.9313E+08
7.7350E+00	7.5155E+08
7.8260E+00	8.1478E+08
7.9200E+00	8.8283E+08
8.0180E+00	9.5690E+08
8.1210E+00	1.0364E+09
8.2280E+00	1.1231E+09
8.3410E+00	1.2164E+09
8.4590E+00	1.3170E+09
8.5820E+00	1.4260E+09
8.7130E+00	1.5434E+09
8.8510E+00	1.6699E+09
8.9950E+00	1.8066E+09
9.1500E+00	1.9541E+09
9.3130E+00	2.1125E+09
9.4860E+00	2.2841E+09
9.6710E+00	2.4684E+09
9.8670E+00	2.6659E+09
1.0080E+01	2.8785E+09
1.0300E+01	3.1061E+09
1.0540E+01	3.3506E+09
1.0800E+01	3.6120E+09
1.1070E+01	3.8914E+09
1.1370E+01	4.1901E+09
1.1690E+01	4.5075E+09
1.2030E+01	4.8453E+09
1.2400E+01	5.2042E+09
1.2800E+01	5.5836E+09
1.3230E+01	5.9853E+09
1.3690E+01	6.4134E+09
1.4190E+01	6.8591E+09
1.4740E+01	7.3228E+09
1.5320E+01	7.8105E+09
1.5960E+01	8.3224E+09
1.6650E+01	8.8523E+09
1.7390E+01	9.4003E+09
1.8190E+01	9.9604E+09
1.9060E+01	1.0545E+10
2.0000E+01	1.1141E+10
2.1010E+01	1.1755E+10
2.2110E+01	1.2369E+10
2.3290E+01	1.2995E+10
2.4570E+01	1.3622E+10
2.5950E+01	1.4254E+10
2.7420E+01	1.4874E+10
2.8120E+01	1.5151E+10
2.8370E+01	1.5254E+10
2.8620E+01	1.5344E+10
2.8870E+01	1.5440E+10
2.9120E+01	1.5537E+10
2.9370E+01	1.5627E+10
2.9620E+01	1.5723E+10
2.9880E+01	1.5814E+10
3.0140E+01	1.5910E+10
3.0390E+01	1.6000E+10
3.0650E+01	1.6091E+10
3.0900E+01	1.6175E+10
3.1160E+01	1.6259E+10
3.1420E+01	1.6350E+10
3.1670E+01	1.6434E+10
3.1930E+01	1.6518E+10
3.2190E+01	1.6603E+10
3.2450E+01	1.6681E+10
3.2720E+01	1.6765E+10
3.2980E+01	1.6844E+10
3.3240E+01	1.6928E+10
3.3500E+01	1.7012E+10
3.3760E+01	1.7090E+10
3.4030E+01	1.7169E+10
3.4290E+01	1.7241E+10
3.4560E+01	1.7319E+10
3.4830E+01	1.7398E+10
3.5100E+01	1.7470E+10
3.5360E+01	1.7542E+10
3.5630E+01	1.7614E+10
3.5900E+01	1.7693E+10
3.6170E+01	1.7759E+10
3.6450E+01	1.7831E+10
3.6710E+01	1.7903E+10
3.6980E+01	1.7970E+10
3.7250E+01	1.8042E+10
3.7530E+01	1.8108E+10
3.7800E+01	1.8174E+10
3.8080E+01	1.8241E+10
3.8350E+01	1.8307E+10
3.8630E+01	1.8373E+10
3.8910E+01	1.8439E+10
3.9190E+01	1.8506E+10
3.9470E+01	1.8566E+10
3.9750E+01	1.8632E+10
4.0030E+01	1.8692E+10
4.0300E+01	1.8759E+10
4.0590E+01	1.8819E+10
4.0870E+01	1.8879E+10
4.1150E+01	1.8939E+10
4.1440E+01	1.8999E+10
4.1720E+01	1.9060E+10
4.2010E+01	1.9120E+10
4.2290E+01	1.9174E+10
4.2580E+01	1.9234E+10
4.2870E+01	1.9288E+10
4.3160E+01	1.9349E+10
4.3450E+01	1.9403E+10
4.3740E+01	1.9457E+10
4.4030E+01	1.9511E+10
4.4320E+01	1.9565E+10
4.4620E+01	1.9626E+10
4.4910E+01	1.9680E+10
4.5200E+01	1.9734E+10
4.5500E+01	1.9788E+10
4.5790E+01	1.9836E+10
4.6090E+01	1.9891E+10
4.6380E+01	1.9939E+10
4.6680E+01	1.9987E+10
4.6980E+01	2.0035E+10
4.7280E+01	2.0089E+10
4.7580E+01	2.0138E+10
4.7880E+01	2.0186E+10
4.8180E+01	2.0228E+10
4.8480E+01	2.0276E+10
4.8780E+01	2.0324E+10
4.9080E+01	2.0372E+10
4.9380E+01	2.0421E+10
4.9690E+01	2.0463E+10
4.9990E+01	2.0511E+10
5.0300E+01	2.0553E+10
5.0600E+01	2.0601E+10
5.0910E+01	2.0643E+10
5.1220E+01	2.0686E+10
5.1530E+01	2.0728E+10
5.1840E+01	2.0770E+10
5.2150E+01	2.0812E+10
5.2460E+01	2.0854E+10
5.2770E+01	2.0896E+10
5.3080E+01	2.0938E+10
5.3390E+01	2.0975E+10
5.3710E+01	2.1017E+10
5.4020E+01	2.1053E+10
5.4340E+01	2.1095E+10
5.4640E+01	2.1131E+10
5.4950E+01	2.1173E+10
5.5270E+01	2.1209E+10
5.5590E+01	2.1246E+10
5.5910E+01	2.1282E+10
5.6230E+01	2.1324E+10
5.6550E+01	2.1360E+10
5.6870E+01	2.1396E+10
5.7190E+01	2.1432E+10
5.7510E+01	2.1468E+10
5.7840E+01	2.1499E+10
5.8160E+01	2.1535E+10
5.8490E+01	2.1571E+10
5.8810E+01	2.1607E+10
5.9140E+01	2.1637E+10
5.9470E+01	2.1673E+10
5.9800E+01	2.1703E+10
6.0120E+01	2.1739E+10
6.0450E+01	2.1788E+10
6.0780E+01	2.1818E+10
6.1110E+01	2.1848E+10
6.1450E+01	2.1884E+10
6.1780E+01	2.1914E+10
6.2110E+01	2.1944E+10
6.2450E+01	2.1974E+10
6.2780E+01	2.2004E+10
6.3120E+01	2.2034E+10
6.3460E+01	2.2065E+10
6.3790E+01	2.2095E+10
6.4130E+01	2.2125E+10
6.4470E+01	2.2155E+10
6.4810E+01	2.2185E+10
6.5150E+01	2.2209E+10
6.5490E+01	2.2239E+10
6.5830E+01	2.2269E+10
6.6180E+01	2.2293E+10
6.6520E+01	2.2324E+10
6.6870E+01	2.2348E+10
6.7190E+01	2.2378E+10
6.7530E+01	2.2402E+10
6.7880E+01	2.2426E+10
6.8230E+01	2.2456E+10
6.8580E+01	2.2480E+10
6.8930E+01	2.2504E+10
6.9280E+01	2.2534E+10
6.9630E+01	2.2558E+10
6.9980E+01	2.2583E+10
7.0330E+01	2.2607E+10
7.0690E+01	2.2631E+10
7.1040E+01	2.2655E+10
7.1400E+01	2.2679E+10
7.1750E+01	2.2703E+10
7.2110E+01	2.2727E+10
7.2470E+01	2.2751E+10
7.2830E+01	2.2775E+10
7.3190E+01	2.2799E+10
7.3550E+01	2.2823E+10
7.3910E+01	2.2841E+10
7.4270E+01	2.2866E+10
7.4630E+01	2.2890E+10
7.5000E+01	2.2926E+10
7.5360E+01	2.2950E+10
7.5730E+01	2.2968E+10
7.6100E+01	2.2992E+10
7.6460E+01	2.3010E+10
7.6830E+01	2.3034E+10
7.7200E+01	2.3052E+10
7.7570E+01	2.3070E+10
7.7940E+01	2.3094E+10
7.8310E+01	2.3112E+10
7.8680E+01	2.3131E+10
7.9060E+01	2.3155E+10
7.9430E+01	2.3173E+10
7.9810E+01	2.3191E+10
8.0180E+01	2.3209E+10
8.0560E+01	2.3227E+10
8.0940E+01	2.3251E+10
8.1310E+01	2.3269E+10
8.1690E+01	2.3287E+10
8.2070E+01	2.3305E+10
8.2460E+01	2.3323E+10
8.2840E+01	2.3341E+10
8.3220E+01	2.3359E+10
8.3600E+01	2.3377E+10
8.3990E+01	2.3395E+10
8.4370E+01	2.3414E+10
8.4760E+01	2.3432E+10
8.5150E+01	2.3450E+10
8.5530E+01	2.3462E+10
8.5920E+01	2.3480E+10
8.6310E+01	2.3498E+10
8.6710E+01	2.3510E+10
8.7100E+01	2.3528E+10
8.7490E+01	2.3546E+10
8.7880E+01	2.3558E+10
8.8280E+01	2.3576E+10
8.8680E+01	2.3594E+10
8.9070E+01	2.3606E+10
8.9470E+01	2.3624E+10
8.9870E+01	2.3636E+10
9.0270E+01	2.3654E+10
9.0670E+01	2.3666E+10
9.1070E+01	2.3685E+10
9.1470E+01	2.3697E+10
9.1880E+01	2.3709E+10
9.2280E+01	2.3727E+10
9.2690E+01	2.3739E+10
9.3090E+01	2.3751E+10
9.3500E+01	2.3769E+10
9.3860E+01	2.3787E+10
9.4270E+01	2.3805E+10
9.4680E+01	2.3817E+10
9.5090E+01	2.3829E+10
9.5510E+01	2.3841E+10
9.5920E+01	2.3853E+10
9.6330E+01	2.3865E+10
9.6750E+01	2.3883E+10
9.7170E+01	2.3895E+10
9.7580E+01	2.3907E+10
9.8000E+01	2.3919E+10
9.8420E+01	2.3931E+10
9.8840E+01	2.3943E+10
9.9260E+01	2.3956E+10
9.9680E+01	2.3968E+10
1.0010E+02	2.3980E+10
1.0050E+02	2.3992E+10
1.0100E+02	2.4004E+10
1.0140E+02	2.4010E+10
1.0180E+02	2.4022E+10
1.0220E+02	2.4034E+10
1.0270E+02	2.4046E+10
1.0310E+02	2.4058E+10
1.0350E+02	2.4070E+10
1.0400E+02	2.4076E+10
1.0440E+02	2.4088E+10
1.0480E+02	2.4100E+10
1.0530E+02	2.4124E+10
1.0570E+02	2.4130E+10
1.0610E+02	2.4142E+10
1.0660E+02	2.4154E+10
1.0700E+02	2.4160E+10
1.0750E+02	2.4172E+10
1.0790E+02	2.4184E+10
1.0830E+02	2.4190E+10
1.0880E+02	2.4202E+10
1.0920E+02	2.4208E+10
1.0970E+02	2.4220E+10
1.1010E+02	2.4227E+10
1.1060E+02	2.4239E+10
1.1100E+02	2.4245E+10
1.1150E+02	2.4257E+10
1.1190E+02	2.4263E+10
1.1240E+02	2.4275E+10
1.1280E+02	2.4281E+10
1.1330E+02	2.4293E+10
1.1370E+02	2.4299E+10
1.1420E+02	2.4305E+10
1.1460E+02	2.4317E+10
1.1510E+02	2.4323E+10
1.1560E+02	2.4329E+10
1.1600E+02	2.4341E+10
1.1650E+02	2.4347E+10
1.1700E+02	2.4353E+10
1.1740E+02	2.4365E+10
1.1790E+02	2.4371E+10
1.1830E+02	2.4377E+10
1.1880E+02	2.4395E+10
1.1930E+02	2.4401E+10
1.1970E+02	2.4407E+10
1.2020E+02	2.4413E+10
1.2070E+02	2.4425E+10
1.2110E+02	2.4431E+10
1.2160E+02	2.4437E+10
1.2210E+02	2.4443E+10
1.2260E+02	2.4449E+10
1.2310E+02	2.4455E+10
1.2350E+02	2.4461E+10
1.2400E+02	2.4467E+10
1.2450E+02	2.4479E+10
1.2500E+02	2.4485E+10
1.2550E+02	2.4491E+10
1.2590E+02	2.4497E+10
1.2640E+02	2.4504E+10
1.2690E+02	2.4510E+10
1.2740E+02	2.4516E+10
1.2790E+02	2.4522E+10
1.2840E+02	2.4528E+10
1.2890E+02	2.4534E+10
1.2940E+02	2.4540E+10
1.2990E+02	2.4540E+10
1.3040E+02	2.4546E+10
1.3090E+02	2.4552E+10
1.3140E+02	2.4558E+10
1.3190E+02	2.4564E+10
1.3240E+02	2.4570E+10
1.3290E+02	2.4576E+10
1.3340E+02	2.4582E+10
1.3390E+02	2.4588E+10
1.3440E+02	2.4594E+10
1.3490E+02	2.4594E+10
1.3540E+02	2.4600E+10
1.3590E+02	2.4606E+10
1.3640E+02	2.4612E+10
1.3690E+02	2.4618E+10
1.3740E+02	2.4618E+10
1.3800E+02	2.4624E+10
