0.0000E+00	1.4031E+09
3.8830E-02	1.4031E+09
3.8840E-02	1.4031E+09
3.8850E-02	1.4031E+09
3.8860E-02	1.4031E+09
3.8870E-02	1.4031E+09
3.8880E-02	1.4025E+09
3.8890E-02	1.4025E+09
3.8900E-02	1.4025E+09
3.8920E-02	1.4025E+09
3.8930E-02	1.4025E+09
3.8950E-02	1.4019E+09
3.8970E-02	1.4019E+09
3.9000E-02	1.4019E+09
3.9020E-02	1.4013E+09
3.9050E-02	1.4013E+09
3.9090E-02	1.4013E+09
3.9130E-02	1.4007E+09
3.9170E-02	1.4019E+09
3.9220E-02	1.4013E+09
3.9270E-02	1.4007E+09
3.9330E-02	1.4001E+09
3.9400E-02	1.3995E+09
3.9480E-02	1.3989E+09
3.9570E-02	1.3983E+09
3.9670E-02	1.3977E+09
3.9790E-02	1.3965E+09
3.9920E-02	1.3959E+09
4.0070E-02	1.3947E+09
4.0250E-02	1.3929E+09
4.0440E-02	1.3917E+09
4.0670E-02	1.3899E+09
4.0930E-02	1.3881E+09
4.1230E-02	1.3857E+09
4.1580E-02	1.3833E+09
4.1980E-02	1.3802E+09
4.2440E-02	1.3772E+09
4.2970E-02	1.3730E+09
4.3590E-02	1.3688E+09
4.4300E-02	1.3640E+09
4.5130E-02	1.3586E+09
4.6100E-02	1.3537E+09
4.7210E-02	1.3459E+09
4.8510E-02	1.3375E+09
5.0000E-02	1.3285E+09
5.1730E-02	1.3176E+09
5.3720E-02	1.3056E+09
5.6020E-02	1.2917E+09
5.8650E-02	1.2761E+09
6.1650E-02	1.2592E+09
6.5060E-02	1.2399E+09
6.8930E-02	1.2189E+09
7.3270E-02	1.1954E+09
7.8130E-02	1.1701E+09
8.3550E-02	1.1442E+09
8.9490E-02	1.1153E+09
9.5970E-02	1.0840E+09
1.0300E-01	1.0520E+09
1.1050E-01	1.0183E+09
1.1840E-01	9.8460E+08
1.2680E-01	9.5087E+08
1.3550E-01	9.1655E+08
1.4450E-01	8.8403E+08
1.5360E-01	8.5211E+08
1.6280E-01	8.2261E+08
1.7210E-01	7.9490E+08
1.8130E-01	7.7021E+08
1.9040E-01	7.4733E+08
1.9940E-01	7.2806E+08
2.0820E-01	7.1120E+08
2.1680E-01	6.9735E+08
2.2520E-01	6.8711E+08
2.3330E-01	6.7928E+08
2.4130E-01	6.7507E+08
2.4910E-01	6.7266E+08
2.5670E-01	6.7386E+08
2.6410E-01	6.7687E+08
2.7160E-01	6.8229E+08
2.7880E-01	6.9072E+08
2.8590E-01	7.0096E+08
2.9300E-01	7.1300E+08
3.0010E-01	7.2746E+08
3.0710E-01	7.4432E+08
3.1420E-01	7.6239E+08
3.2140E-01	7.8286E+08
3.2850E-01	8.0454E+08
3.3580E-01	8.2863E+08
3.4320E-01	8.5452E+08
3.5070E-01	8.8283E+08
3.5830E-01	9.1233E+08
3.6610E-01	9.4365E+08
3.7400E-01	9.7737E+08
3.8210E-01	1.0129E+09
3.9040E-01	1.0502E+09
3.9890E-01	1.0900E+09
4.0760E-01	1.1321E+09
4.1650E-01	1.1767E+09
4.2570E-01	1.2231E+09
4.3510E-01	1.2718E+09
4.4470E-01	1.3230E+09
4.5460E-01	1.3772E+09
4.6480E-01	1.4338E+09
4.7530E-01	1.4935E+09
4.8610E-01	1.5555E+09
4.9720E-01	1.6211E+09
5.0860E-01	1.6898E+09
5.2040E-01	1.7620E+09
5.3260E-01	1.8373E+09
5.4510E-01	1.9156E+09
5.5810E-01	1.9981E+09
5.7140E-01	2.0848E+09
5.8520E-01	2.1757E+09
5.9940E-01	2.2703E+09
6.1410E-01	2.3691E+09
6.2930E-01	2.4726E+09
6.4500E-01	2.5810E+09
6.6120E-01	2.6942E+09
6.7800E-01	2.8123E+09
6.9530E-01	2.9363E+09
7.1320E-01	3.0652E+09
7.3170E-01	3.2001E+09
7.5090E-01	3.3410E+09
7.7080E-01	3.4879E+09
7.9140E-01	3.6415E+09
8.1270E-01	3.8023E+09
8.3480E-01	3.9703E+09
8.5770E-01	4.1449E+09
8.8130E-01	4.3268E+09
9.0590E-01	4.5171E+09
9.3120E-01	4.7152E+09
9.5740E-01	4.9218E+09
9.8450E-01	5.1368E+09
1.0130E+00	5.3614E+09
1.0410E+00	5.5950E+09
1.0710E+00	5.8377E+09
1.1020E+00	6.0882E+09
1.1330E+00	6.3532E+09
1.1660E+00	6.6302E+09
1.1990E+00	6.9133E+09
1.2330E+00	7.2083E+09
1.2680E+00	7.5215E+09
1.3040E+00	7.8406E+09
1.3410E+00	8.1719E+09
1.3790E+00	8.5211E+09
1.4180E+00	8.8825E+09
1.4570E+00	9.2618E+09
1.4980E+00	9.6533E+09
1.5400E+00	1.0063E+10
1.5830E+00	1.0490E+10
1.6270E+00	1.0936E+10
1.6720E+00	1.1400E+10
1.7190E+00	1.1887E+10
1.7670E+00	1.2393E+10
1.8160E+00	1.2917E+10
1.8660E+00	1.3465E+10
1.9180E+00	1.4037E+10
1.9720E+00	1.4639E+10
2.0270E+00	1.5260E+10
2.0840E+00	1.5910E+10
2.1420E+00	1.6591E+10
2.2020E+00	1.7301E+10
2.2640E+00	1.8036E+10
2.3280E+00	1.8807E+10
2.3930E+00	1.9614E+10
2.4610E+00	2.0451E+10
2.5300E+00	2.1324E+10
2.6020E+00	2.2233E+10
2.6750E+00	2.3185E+10
2.7510E+00	2.4172E+10
2.8280E+00	2.5202E+10
2.9080E+00	2.6274E+10
2.9890E+00	2.7400E+10
3.0730E+00	2.8562E+10
3.1590E+00	2.9779E+10
3.2470E+00	3.1043E+10
3.3370E+00	3.2362E+10
3.4290E+00	3.3735E+10
3.5230E+00	3.5162E+10
3.6190E+00	3.6656E+10
3.7170E+00	3.8210E+10
3.8170E+00	3.9823E+10
3.9190E+00	4.1510E+10
4.0230E+00	4.3262E+10
4.1290E+00	4.5075E+10
4.2360E+00	4.6948E+10
4.3430E+00	4.8856E+10
4.4490E+00	5.0778E+10
4.5530E+00	5.2686E+10
4.6520E+00	5.4541E+10
4.7440E+00	5.6306E+10
4.8290E+00	5.7956E+10
4.9060E+00	5.9455E+10
4.9730E+00	6.0822E+10
5.0320E+00	6.1966E+10
5.0830E+00	6.3050E+10
5.1260E+00	6.3954E+10
5.1640E+00	6.4737E+10
5.1970E+00	6.5399E+10
5.2250E+00	6.6001E+10
5.2500E+00	6.6543E+10
5.2730E+00	6.7025E+10
5.2940E+00	6.7507E+10
5.3140E+00	6.7868E+10
5.3330E+00	6.8289E+10
5.3510E+00	6.8651E+10
5.3690E+00	6.9012E+10
5.3880E+00	6.9434E+10
5.4060E+00	6.9795E+10
5.4250E+00	7.0156E+10
5.4450E+00	7.0518E+10
5.4650E+00	7.0879E+10
5.4850E+00	7.1300E+10
5.5070E+00	7.1662E+10
5.5290E+00	7.2083E+10
5.5530E+00	7.2505E+10
5.5770E+00	7.2926E+10
5.6020E+00	7.3408E+10
5.6290E+00	7.3890E+10
5.6560E+00	7.4372E+10
5.6850E+00	7.4853E+10
5.7140E+00	7.5335E+10
5.7450E+00	7.5877E+10
5.7770E+00	7.6419E+10
5.8100E+00	7.7021E+10
5.8450E+00	7.7624E+10
5.8810E+00	7.8166E+10
5.9170E+00	7.8828E+10
5.9550E+00	7.9430E+10
5.9950E+00	8.0093E+10
6.0350E+00	8.0755E+10
6.0770E+00	8.1417E+10
6.1200E+00	8.2140E+10
6.1640E+00	8.2863E+10
6.2100E+00	8.3585E+10
6.2560E+00	8.4308E+10
6.3040E+00	8.5091E+10
6.3530E+00	8.5814E+10
6.4040E+00	8.6596E+10
6.4550E+00	8.7379E+10
6.5080E+00	8.8162E+10
6.5620E+00	8.9005E+10
6.6170E+00	8.9788E+10
6.6740E+00	9.0631E+10
6.7320E+00	9.1474E+10
6.7910E+00	9.2317E+10
6.8520E+00	9.3160E+10
6.9150E+00	9.4064E+10
6.9790E+00	9.4907E+10
7.0450E+00	9.5750E+10
7.1130E+00	9.6653E+10
7.1820E+00	9.7556E+10
7.2530E+00	9.8460E+10
7.3270E+00	9.9363E+10
7.4030E+00	1.0027E+11
7.4820E+00	1.0117E+11
7.5630E+00	1.0213E+11
7.6480E+00	1.0310E+11
7.7350E+00	1.0406E+11
7.8260E+00	1.0496E+11
7.9200E+00	1.0599E+11
8.0180E+00	1.0695E+11
8.1210E+00	1.0791E+11
8.2280E+00	1.0894E+11
8.3410E+00	1.0996E+11
8.4590E+00	1.1099E+11
8.5820E+00	1.1207E+11
8.7130E+00	1.1309E+11
8.8510E+00	1.1418E+11
8.9950E+00	1.1532E+11
9.1500E+00	1.1641E+11
9.3130E+00	1.1755E+11
9.4860E+00	1.1875E+11
9.6710E+00	1.1990E+11
9.8670E+00	1.2110E+11
1.0080E+01	1.2237E+11
1.0300E+01	1.2357E+11
1.0540E+01	1.2484E+11
1.0800E+01	1.2610E+11
1.1070E+01	1.2743E+11
1.1370E+01	1.2881E+11
1.1690E+01	1.3014E+11
1.2030E+01	1.3146E+11
1.2400E+01	1.3285E+11
1.2800E+01	1.3423E+11
1.3230E+01	1.3562E+11
1.3690E+01	1.3706E+11
1.4190E+01	1.3851E+11
1.4740E+01	1.3989E+11
1.5320E+01	1.4134E+11
1.5960E+01	1.4278E+11
1.6650E+01	1.4417E+11
1.7390E+01	1.4561E+11
1.8190E+01	1.4706E+11
1.9060E+01	1.4844E+11
2.0000E+01	1.4983E+11
2.1010E+01	1.5121E+11
2.2110E+01	1.5260E+11
2.3290E+01	1.5398E+11
2.4570E+01	1.5531E+11
2.5950E+01	1.5663E+11
2.7420E+01	1.5790E+11
2.8120E+01	1.5850E+11
2.8370E+01	1.5868E+11
2.8620E+01	1.5886E+11
2.8870E+01	1.5904E+11
2.9120E+01	1.5922E+11
2.9370E+01	1.5940E+11
2.9620E+01	1.5964E+11
2.9880E+01	1.5982E+11
3.0140E+01	1.6000E+11
3.0390E+01	1.6019E+11
3.0650E+01	1.6037E+11
3.0900E+01	1.6055E+11
3.1160E+01	1.6073E+11
3.1420E+01	1.6091E+11
3.1670E+01	1.6109E+11
3.1930E+01	1.6121E+11
3.2190E+01	1.6139E+11
3.2450E+01	1.6157E+11
3.2720E+01	1.6169E+11
3.2980E+01	1.6187E+11
3.3240E+01	1.6205E+11
3.3500E+01	1.6223E+11
3.3760E+01	1.6241E+11
3.4030E+01	1.6253E+11
3.4290E+01	1.6271E+11
3.4560E+01	1.6283E+11
3.4830E+01	1.6302E+11
3.5100E+01	1.6314E+11
3.5360E+01	1.6326E+11
3.5630E+01	1.6344E+11
3.5900E+01	1.6356E+11
3.6170E+01	1.6374E+11
3.6450E+01	1.6386E+11
3.6710E+01	1.6404E+11
3.6980E+01	1.6416E+11
3.7250E+01	1.6428E+11
3.7530E+01	1.6446E+11
3.7800E+01	1.6458E+11
3.8080E+01	1.6470E+11
3.8350E+01	1.6482E+11
3.8630E+01	1.6494E+11
3.8910E+01	1.6506E+11
3.9190E+01	1.6524E+11
3.9470E+01	1.6536E+11
3.9750E+01	1.6548E+11
4.0030E+01	1.6561E+11
4.0300E+01	1.6579E+11
4.0590E+01	1.6591E+11
4.0870E+01	1.6603E+11
4.1150E+01	1.6615E+11
4.1440E+01	1.6627E+11
4.1720E+01	1.6639E+11
4.2010E+01	1.6645E+11
4.2290E+01	1.6657E+11
4.2580E+01	1.6669E+11
4.2870E+01	1.6681E+11
4.3160E+01	1.6693E+11
4.3450E+01	1.6705E+11
4.3740E+01	1.6717E+11
4.4030E+01	1.6729E+11
4.4320E+01	1.6735E+11
4.4620E+01	1.6753E+11
4.4910E+01	1.6765E+11
4.5200E+01	1.6777E+11
4.5500E+01	1.6783E+11
4.5790E+01	1.6795E+11
4.6090E+01	1.6807E+11
4.6380E+01	1.6813E+11
4.6680E+01	1.6825E+11
4.6980E+01	1.6838E+11
4.7280E+01	1.6844E+11
4.7580E+01	1.6856E+11
4.7880E+01	1.6868E+11
4.8180E+01	1.6874E+11
4.8480E+01	1.6886E+11
4.8780E+01	1.6898E+11
4.9080E+01	1.6904E+11
4.9380E+01	1.6922E+11
4.9690E+01	1.6928E+11
4.9990E+01	1.6940E+11
5.0300E+01	1.6946E+11
5.0600E+01	1.6958E+11
5.0910E+01	1.6964E+11
5.1220E+01	1.6976E+11
5.1530E+01	1.6982E+11
5.1840E+01	1.6994E+11
5.2150E+01	1.7000E+11
5.2460E+01	1.7012E+11
5.2770E+01	1.7018E+11
5.3080E+01	1.7030E+11
5.3390E+01	1.7036E+11
5.3710E+01	1.7042E+11
5.4020E+01	1.7054E+11
5.4340E+01	1.7060E+11
5.4640E+01	1.7078E+11
5.4950E+01	1.7084E+11
5.5270E+01	1.7090E+11
5.5590E+01	1.7102E+11
5.5910E+01	1.7109E+11
5.6230E+01	1.7115E+11
5.6550E+01	1.7127E+11
5.6870E+01	1.7133E+11
5.7190E+01	1.7139E+11
5.7510E+01	1.7145E+11
5.7840E+01	1.7157E+11
5.8160E+01	1.7163E+11
5.8490E+01	1.7169E+11
5.8810E+01	1.7181E+11
5.9140E+01	1.7187E+11
5.9470E+01	1.7193E+11
5.9800E+01	1.7199E+11
6.0120E+01	1.7205E+11
6.0450E+01	1.7223E+11
6.0780E+01	1.7229E+11
6.1110E+01	1.7235E+11
6.1450E+01	1.7241E+11
6.1780E+01	1.7247E+11
6.2110E+01	1.7259E+11
6.2450E+01	1.7265E+11
6.2780E+01	1.7271E+11
6.3120E+01	1.7277E+11
6.3460E+01	1.7283E+11
6.3790E+01	1.7289E+11
6.4130E+01	1.7295E+11
6.4470E+01	1.7307E+11
6.4810E+01	1.7313E+11
6.5150E+01	1.7319E+11
6.5490E+01	1.7325E+11
6.5830E+01	1.7331E+11
6.6180E+01	1.7337E+11
6.6520E+01	1.7343E+11
6.6870E+01	1.7349E+11
6.7190E+01	1.7361E+11
6.7530E+01	1.7367E+11
6.7880E+01	1.7373E+11
6.8230E+01	1.7379E+11
6.8580E+01	1.7386E+11
6.8930E+01	1.7392E+11
6.9280E+01	1.7398E+11
6.9630E+01	1.7404E+11
6.9980E+01	1.7410E+11
7.0330E+01	1.7416E+11
7.0690E+01	1.7422E+11
7.1040E+01	1.7428E+11
7.1400E+01	1.7434E+11
7.1750E+01	1.7440E+11
7.2110E+01	1.7446E+11
7.2470E+01	1.7452E+11
7.2830E+01	1.7458E+11
7.3190E+01	1.7464E+11
7.3550E+01	1.7470E+11
7.3910E+01	1.7476E+11
7.4270E+01	1.7482E+11
7.4630E+01	1.7482E+11
7.5000E+01	1.7500E+11
7.5360E+01	1.7506E+11
7.5730E+01	1.7506E+11
7.6100E+01	1.7512E+11
7.6460E+01	1.7518E+11
7.6830E+01	1.7524E+11
7.7200E+01	1.7530E+11
7.7570E+01	1.7536E+11
7.7940E+01	1.7542E+11
7.8310E+01	1.7542E+11
7.8680E+01	1.7548E+11
7.9060E+01	1.7554E+11
7.9430E+01	1.7560E+11
7.9810E+01	1.7566E+11
8.0180E+01	1.7572E+11
8.0560E+01	1.7572E+11
8.0940E+01	1.7578E+11
8.1310E+01	1.7584E+11
8.1690E+01	1.7590E+11
8.2070E+01	1.7596E+11
8.2460E+01	1.7596E+11
8.2840E+01	1.7602E+11
8.3220E+01	1.7608E+11
8.3600E+01	1.7614E+11
8.3990E+01	1.7620E+11
8.4370E+01	1.7626E+11
8.4760E+01	1.7632E+11
8.5150E+01	1.7632E+11
8.5530E+01	1.7638E+11
8.5920E+01	1.7644E+11
8.6310E+01	1.7650E+11
8.6710E+01	1.7650E+11
8.7100E+01	1.7657E+11
8.7490E+01	1.7663E+11
8.7880E+01	1.7663E+11
8.8280E+01	1.7669E+11
8.8680E+01	1.7675E+11
8.9070E+01	1.7675E+11
8.9470E+01	1.7681E+11
8.9870E+01	1.7687E+11
9.0270E+01	1.7687E+11
9.0670E+01	1.7693E+11
9.1070E+01	1.7699E+11
9.1470E+01	1.7699E+11
9.1880E+01	1.7705E+11
9.2280E+01	1.7711E+11
9.2690E+01	1.7711E+11
9.3090E+01	1.7717E+11
9.3500E+01	1.7723E+11
9.3860E+01	1.7735E+11
9.4270E+01	1.7735E+11
9.4680E+01	1.7741E+11
9.5090E+01	1.7741E+11
9.5510E+01	1.7747E+11
9.5920E+01	1.7753E+11
9.6330E+01	1.7753E+11
9.6750E+01	1.7759E+11
9.7170E+01	1.7759E+11
9.7580E+01	1.7765E+11
9.8000E+01	1.7765E+11
9.8420E+01	1.7771E+11
9.8840E+01	1.7777E+11
9.9260E+01	1.7777E+11
9.9680E+01	1.7783E+11
1.0010E+02	1.7783E+11
1.0050E+02	1.7789E+11
1.0100E+02	1.7789E+11
1.0140E+02	1.7795E+11
1.0180E+02	1.7795E+11
1.0220E+02	1.7801E+11
1.0270E+02	1.7801E+11
1.0310E+02	1.7807E+11
1.0350E+02	1.7807E+11
1.0400E+02	1.7813E+11
1.0440E+02	1.7813E+11
1.0480E+02	1.7819E+11
1.0530E+02	1.7831E+11
1.0570E+02	1.7831E+11
1.0610E+02	1.7837E+11
1.0660E+02	1.7837E+11
1.0700E+02	1.7843E+11
1.0750E+02	1.7843E+11
1.0790E+02	1.7849E+11
1.0830E+02	1.7849E+11
1.0880E+02	1.7849E+11
1.0920E+02	1.7855E+11
1.0970E+02	1.7855E+11
1.1010E+02	1.7861E+11
1.1060E+02	1.7861E+11
1.1100E+02	1.7867E+11
1.1150E+02	1.7867E+11
1.1190E+02	1.7873E+11
1.1240E+02	1.7873E+11
1.1280E+02	1.7873E+11
1.1330E+02	1.7879E+11
1.1370E+02	1.7879E+11
1.1420E+02	1.7885E+11
1.1460E+02	1.7885E+11
1.1510E+02	1.7885E+11
1.1560E+02	1.7891E+11
1.1600E+02	1.7891E+11
1.1650E+02	1.7897E+11
1.1700E+02	1.7897E+11
1.1740E+02	1.7897E+11
1.1790E+02	1.7903E+11
1.1830E+02	1.7903E+11
1.1880E+02	1.7915E+11
1.1930E+02	1.7915E+11
1.1970E+02	1.7915E+11
1.2020E+02	1.7921E+11
1.2070E+02	1.7921E+11
1.2110E+02	1.7921E+11
1.2160E+02	1.7927E+11
1.2210E+02	1.7927E+11
1.2260E+02	1.7927E+11
1.2310E+02	1.7934E+11
1.2350E+02	1.7934E+11
1.2400E+02	1.7934E+11
1.2450E+02	1.7940E+11
1.2500E+02	1.7940E+11
1.2550E+02	1.7940E+11
1.2590E+02	1.7946E+11
1.2640E+02	1.7946E+11
1.2690E+02	1.7946E+11
1.2740E+02	1.7946E+11
1.2790E+02	1.7952E+11
1.2840E+02	1.7952E+11
1.2890E+02	1.7952E+11
1.2940E+02	1.7958E+11
1.2990E+02	1.7958E+11
1.3040E+02	1.7958E+11
1.3090E+02	1.7958E+11
1.3140E+02	1.7964E+11
1.3190E+02	1.7964E+11
1.3240E+02	1.7964E+11
1.3290E+02	1.7964E+11
1.3340E+02	1.7970E+11
1.3390E+02	1.7970E+11
1.3440E+02	1.7970E+11
1.3490E+02	1.7976E+11
1.3540E+02	1.7976E+11
1.3590E+02	1.7976E+11
1.3640E+02	1.7976E+11
1.3690E+02	1.7982E+11
1.3740E+02	1.7982E+11
1.3800E+02	1.7982E+11
