-1.000E+00	1.4910E-15
0.0000E+00	1.4910E-15
3.8830E-02	1.4910E-15
3.8840E-02	1.4910E-15
3.8850E-02	1.4910E-15
3.8860E-02	1.4900E-15
3.8870E-02	1.4900E-15
3.8880E-02	1.4890E-15
3.8890E-02	1.4890E-15
3.8900E-02	1.4880E-15
3.8920E-02	1.4870E-15
3.8930E-02	1.4860E-15
3.8950E-02	1.4850E-15
3.8970E-02	1.4840E-15
3.9000E-02	1.4830E-15
3.9020E-02	1.4820E-15
3.9050E-02	1.4810E-15
3.9090E-02	1.4790E-15
3.9130E-02	1.4770E-15
3.9170E-02	1.4730E-15
3.9220E-02	1.4710E-15
3.9270E-02	1.4680E-15
3.9330E-02	1.4660E-15
3.9400E-02	1.4620E-15
3.9480E-02	1.4590E-15
3.9570E-02	1.4550E-15
3.9670E-02	1.4510E-15
3.9790E-02	1.4460E-15
3.9920E-02	1.4410E-15
4.0070E-02	1.4360E-15
4.0250E-02	1.4290E-15
4.0440E-02	1.4220E-15
4.0670E-02	1.4150E-15
4.0930E-02	1.4060E-15
4.1230E-02	1.3970E-15
4.1580E-02	1.3870E-15
4.1980E-02	1.3760E-15
4.2440E-02	1.3640E-15
4.2970E-02	1.3510E-15
4.3590E-02	1.3370E-15
4.4300E-02	1.3220E-15
4.5130E-02	1.3070E-15
4.6100E-02	1.2880E-15
4.7210E-02	1.2700E-15
4.8510E-02	1.2520E-15
5.0000E-02	1.2320E-15
5.1730E-02	1.2130E-15
5.3720E-02	1.1920E-15
5.6020E-02	1.1720E-15
5.8650E-02	1.1520E-15
6.1650E-02	1.1310E-15
6.5060E-02	1.1120E-15
6.8930E-02	1.0930E-15
7.3270E-02	1.0750E-15
7.8130E-02	1.0580E-15
8.3550E-02	1.0410E-15
8.9490E-02	1.0280E-15
9.5970E-02	1.0170E-15
1.0300E-01	1.0090E-15
1.1050E-01	1.0030E-15
1.1840E-01	1.0010E-15
1.2680E-01	1.0010E-15
1.3550E-01	1.0050E-15
1.4450E-01	1.0130E-15
1.5360E-01	1.0240E-15
1.6280E-01	1.0380E-15
1.7210E-01	1.0570E-15
1.8130E-01	1.0780E-15
1.9040E-01	1.1040E-15
1.9940E-01	1.1340E-15
2.0820E-01	1.1670E-15
2.1680E-01	1.2040E-15
2.2520E-01	1.2450E-15
2.3330E-01	1.2890E-15
2.4130E-01	1.3370E-15
2.4910E-01	1.3890E-15
2.5670E-01	1.4440E-15
2.6410E-01	1.5020E-15
2.7160E-01	1.5640E-15
2.7880E-01	1.6300E-15
2.8590E-01	1.7000E-15
2.9300E-01	1.7730E-15
3.0010E-01	1.8500E-15
3.0710E-01	1.9300E-15
3.1420E-01	2.0150E-15
3.2140E-01	2.1030E-15
3.2850E-01	2.1950E-15
3.3580E-01	2.2920E-15
3.4320E-01	2.3930E-15
3.5070E-01	2.4980E-15
3.5830E-01	2.6080E-15
3.6610E-01	2.7230E-15
3.7400E-01	2.8420E-15
3.8210E-01	2.9670E-15
3.9040E-01	3.0960E-15
3.9890E-01	3.2320E-15
4.0760E-01	3.3730E-15
4.1650E-01	3.5200E-15
4.2570E-01	3.6730E-15
4.3510E-01	3.8320E-15
4.4470E-01	3.9980E-15
4.5460E-01	4.1710E-15
4.6480E-01	4.3510E-15
4.7530E-01	4.5390E-15
4.8610E-01	4.7340E-15
4.9720E-01	4.9370E-15
5.0860E-01	5.1490E-15
5.2040E-01	5.3690E-15
5.3260E-01	5.5980E-15
5.4510E-01	5.8360E-15
5.5810E-01	6.0830E-15
5.7140E-01	6.3410E-15
5.8520E-01	6.6090E-15
5.9940E-01	6.8880E-15
6.1410E-01	7.1780E-15
6.2930E-01	7.4790E-15
6.4500E-01	7.7920E-15
6.6120E-01	8.1180E-15
6.7800E-01	8.4570E-15
6.9530E-01	8.8090E-15
7.1320E-01	9.1740E-15
7.3170E-01	9.5540E-15
7.5090E-01	9.9490E-15
7.7080E-01	1.0360E-14
7.9140E-01	1.0780E-14
8.1270E-01	1.1230E-14
8.3480E-01	1.1680E-14
8.5770E-01	1.2160E-14
8.8130E-01	1.2660E-14
9.0590E-01	1.3170E-14
9.3120E-01	1.3710E-14
9.5740E-01	1.4270E-14
9.8450E-01	1.4850E-14
1.0130E+00	1.5460E-14
1.0410E+00	1.6100E-14
1.0710E+00	1.6760E-14
1.1020E+00	1.7450E-14
1.1330E+00	1.8170E-14
1.1660E+00	1.8930E-14
1.1990E+00	1.9720E-14
1.2330E+00	2.0540E-14
1.2680E+00	2.1410E-14
1.3040E+00	2.2310E-14
1.3410E+00	2.3260E-14
1.3790E+00	2.4250E-14
1.4180E+00	2.5280E-14
1.4570E+00	2.6360E-14
1.4980E+00	2.7490E-14
1.5400E+00	2.8670E-14
1.5830E+00	2.9900E-14
1.6270E+00	3.1180E-14
1.6720E+00	3.2520E-14
1.7190E+00	3.3910E-14
1.7670E+00	3.5360E-14
1.8160E+00	3.6880E-14
1.8660E+00	3.8450E-14
1.9180E+00	4.0090E-14
1.9720E+00	4.1810E-14
2.0270E+00	4.3590E-14
2.0840E+00	4.5440E-14
2.1420E+00	4.7380E-14
2.2020E+00	4.9390E-14
2.2640E+00	5.1490E-14
2.3280E+00	5.3680E-14
2.3930E+00	5.5960E-14
2.4610E+00	5.8340E-14
2.5300E+00	6.0810E-14
2.6020E+00	6.3400E-14
2.6750E+00	6.6100E-14
2.7510E+00	6.8920E-14
2.8280E+00	7.1860E-14
2.9080E+00	7.4930E-14
2.9890E+00	7.8150E-14
3.0730E+00	8.1510E-14
3.1590E+00	8.5030E-14
3.2470E+00	8.8710E-14
3.3370E+00	9.2560E-14
3.4290E+00	9.6590E-14
3.5230E+00	1.0080E-13
3.6190E+00	1.0530E-13
3.7170E+00	1.0990E-13
3.8170E+00	1.1470E-13
3.9190E+00	1.1980E-13
4.0230E+00	1.2510E-13
4.1290E+00	1.3050E-13
4.2360E+00	1.3610E-13
4.3430E+00	1.4170E-13
4.4490E+00	1.4730E-13
4.5530E+00	1.5250E-13
4.6520E+00	1.5730E-13
4.7440E+00	1.6150E-13
4.8290E+00	1.6490E-13
4.9060E+00	1.6750E-13
4.9730E+00	1.6930E-13
5.0320E+00	1.7040E-13
5.0830E+00	1.7080E-13
5.1260E+00	1.7090E-13
5.1640E+00	1.7060E-13
5.1970E+00	1.7010E-13
5.2250E+00	1.6950E-13
5.2500E+00	1.6890E-13
5.2730E+00	1.6840E-13
5.2940E+00	1.6790E-13
5.3140E+00	1.6750E-13
5.3330E+00	1.6720E-13
5.3510E+00	1.6710E-13
5.3690E+00	1.6700E-13
5.3880E+00	1.6710E-13
5.4060E+00	1.6730E-13
5.4250E+00	1.6760E-13
5.4450E+00	1.6800E-13
5.4650E+00	1.6850E-13
5.4850E+00	1.6920E-13
5.5070E+00	1.6990E-13
5.5290E+00	1.7070E-13
5.5530E+00	1.7160E-13
5.5770E+00	1.7260E-13
5.6020E+00	1.7370E-13
5.6290E+00	1.7490E-13
5.6560E+00	1.7610E-13
5.6850E+00	1.7740E-13
5.7140E+00	1.7880E-13
5.7450E+00	1.8020E-13
5.7770E+00	1.8170E-13
5.8100E+00	1.8320E-13
5.8450E+00	1.8480E-13
5.8810E+00	1.8640E-13
5.9170E+00	1.8800E-13
5.9550E+00	1.8970E-13
5.9950E+00	1.9150E-13
6.0350E+00	1.9320E-13
6.0770E+00	1.9490E-13
6.1200E+00	1.9670E-13
6.1640E+00	1.9850E-13
6.2100E+00	2.0020E-13
6.2560E+00	2.0200E-13
6.3040E+00	2.0380E-13
6.3530E+00	2.0550E-13
6.4040E+00	2.0730E-13
6.4550E+00	2.0900E-13
6.5080E+00	2.1070E-13
6.5620E+00	2.1240E-13
6.6170E+00	2.1410E-13
6.6740E+00	2.1580E-13
6.7320E+00	2.1740E-13
6.7910E+00	2.1900E-13
6.8520E+00	2.2070E-13
6.9150E+00	2.2220E-13
6.9790E+00	2.2380E-13
7.0450E+00	2.2540E-13
7.1130E+00	2.2700E-13
7.1820E+00	2.2850E-13
7.2530E+00	2.3010E-13
7.3270E+00	2.3160E-13
7.4030E+00	2.3320E-13
7.4820E+00	2.3470E-13
7.5630E+00	2.3630E-13
7.6480E+00	2.3780E-13
7.7350E+00	2.3940E-13
7.8260E+00	2.4100E-13
7.9200E+00	2.4260E-13
8.0180E+00	2.4420E-13
8.1210E+00	2.4590E-13
8.2280E+00	2.4750E-13
8.3410E+00	2.4920E-13
8.4590E+00	2.5090E-13
8.5820E+00	2.5260E-13
8.7130E+00	2.5430E-13
8.8510E+00	2.5610E-13
8.9950E+00	2.5790E-13
9.1500E+00	2.5970E-13
9.3130E+00	2.6160E-13
9.4860E+00	2.6330E-13
9.6710E+00	2.6520E-13
9.8670E+00	2.6710E-13
1.0080E+01	2.6900E-13
1.0300E+01	2.7100E-13
1.0540E+01	2.7290E-13
1.0800E+01	2.7490E-13
1.1070E+01	2.7690E-13
1.1370E+01	2.7890E-13
1.1690E+01	2.8090E-13
1.2030E+01	2.8300E-13
1.2400E+01	2.8510E-13
1.2800E+01	2.8720E-13
1.3230E+01	2.8940E-13
1.3690E+01	2.9150E-13
1.4190E+01	2.9370E-13
1.4740E+01	2.9600E-13
1.5320E+01	2.9840E-13
1.5960E+01	3.0090E-13
1.6650E+01	3.0330E-13
1.7390E+01	3.0590E-13
1.8190E+01	3.0880E-13
1.9060E+01	3.1160E-13
2.0000E+01	3.1450E-13
2.1010E+01	3.1730E-13
2.2110E+01	3.2050E-13
2.3290E+01	3.2380E-13
2.4570E+01	3.2730E-13
2.5950E+01	3.3090E-13
2.7420E+01	3.3480E-13
2.8120E+01	3.3660E-13
2.8370E+01	3.3720E-13
2.8620E+01	3.3780E-13
2.8870E+01	3.3840E-13
2.9120E+01	3.3900E-13
2.9370E+01	3.3950E-13
2.9620E+01	3.4010E-13
2.9880E+01	3.4070E-13
3.0140E+01	3.4110E-13
3.0390E+01	3.4170E-13
3.0650E+01	3.4230E-13
3.0900E+01	3.4290E-13
3.1160E+01	3.4350E-13
3.1420E+01	3.4400E-13
3.1670E+01	3.4460E-13
3.1930E+01	3.4520E-13
3.2190E+01	3.4580E-13
3.2450E+01	3.4640E-13
3.2720E+01	3.4690E-13
3.2980E+01	3.4750E-13
3.3240E+01	3.4800E-13
3.3500E+01	3.4860E-13
3.3760E+01	3.4920E-13
3.4030E+01	3.4970E-13
3.4290E+01	3.5030E-13
3.4560E+01	3.5090E-13
3.4830E+01	3.5140E-13
3.5100E+01	3.5200E-13
3.5360E+01	3.5250E-13
3.5630E+01	3.5310E-13
3.5900E+01	3.5360E-13
3.6170E+01	3.5420E-13
3.6450E+01	3.5470E-13
3.6710E+01	3.5540E-13
3.6980E+01	3.5590E-13
3.7250E+01	3.5650E-13
3.7530E+01	3.5700E-13
3.7800E+01	3.5760E-13
3.8080E+01	3.5810E-13
3.8350E+01	3.5860E-13
3.8630E+01	3.5920E-13
3.8910E+01	3.5970E-13
3.9190E+01	3.6020E-13
3.9470E+01	3.6070E-13
3.9750E+01	3.6130E-13
4.0030E+01	3.6180E-13
4.0300E+01	3.6230E-13
4.0590E+01	3.6280E-13
4.0870E+01	3.6330E-13
4.1150E+01	3.6380E-13
4.1440E+01	3.6430E-13
4.1720E+01	3.6480E-13
4.2010E+01	3.6540E-13
4.2290E+01	3.6590E-13
4.2580E+01	3.6640E-13
4.2870E+01	3.6690E-13
4.3160E+01	3.6740E-13
4.3450E+01	3.6790E-13
4.3740E+01	3.6840E-13
4.4030E+01	3.6890E-13
4.4320E+01	3.6940E-13
4.4620E+01	3.6960E-13
4.4910E+01	3.7010E-13
4.5200E+01	3.7060E-13
4.5500E+01	3.7110E-13
4.5790E+01	3.7160E-13
4.6090E+01	3.7210E-13
4.6380E+01	3.7250E-13
4.6680E+01	3.7300E-13
4.6980E+01	3.7350E-13
4.7280E+01	3.7400E-13
4.7580E+01	3.7450E-13
4.7880E+01	3.7490E-13
4.8180E+01	3.7540E-13
4.8480E+01	3.7590E-13
4.8780E+01	3.7640E-13
4.9080E+01	3.7680E-13
4.9380E+01	3.7720E-13
4.9690E+01	3.7770E-13
4.9990E+01	3.7820E-13
5.0300E+01	3.7860E-13
5.0600E+01	3.7910E-13
5.0910E+01	3.7950E-13
5.1220E+01	3.8000E-13
5.1530E+01	3.8040E-13
5.1840E+01	3.8090E-13
5.2150E+01	3.8130E-13
5.2460E+01	3.8180E-13
5.2770E+01	3.8220E-13
5.3080E+01	3.8270E-13
5.3390E+01	3.8310E-13
5.3710E+01	3.8360E-13
5.4020E+01	3.8400E-13
5.4340E+01	3.8440E-13
5.4640E+01	3.8500E-13
5.4950E+01	3.8540E-13
5.5270E+01	3.8580E-13
5.5590E+01	3.8630E-13
5.5910E+01	3.8670E-13
5.6230E+01	3.8710E-13
5.6550E+01	3.8750E-13
5.6870E+01	3.8800E-13
5.7190E+01	3.8840E-13
5.7510E+01	3.8880E-13
5.7840E+01	3.8920E-13
5.8160E+01	3.8960E-13
5.8490E+01	3.9000E-13
5.8810E+01	3.9050E-13
5.9140E+01	3.9090E-13
5.9470E+01	3.9130E-13
5.9800E+01	3.9170E-13
6.0120E+01	3.9210E-13
6.0450E+01	3.9230E-13
6.0780E+01	3.9270E-13
6.1110E+01	3.9310E-13
6.1450E+01	3.9350E-13
6.1780E+01	3.9390E-13
6.2110E+01	3.9420E-13
6.2450E+01	3.9460E-13
6.2780E+01	3.9500E-13
6.3120E+01	3.9540E-13
6.3460E+01	3.9580E-13
6.3790E+01	3.9620E-13
6.4130E+01	3.9660E-13
6.4470E+01	3.9700E-13
6.4810E+01	3.9730E-13
6.5150E+01	3.9770E-13
6.5490E+01	3.9810E-13
6.5830E+01	3.9850E-13
6.6180E+01	3.9880E-13
6.6520E+01	3.9920E-13
6.6870E+01	3.9960E-13
6.7190E+01	4.0010E-13
6.7530E+01	4.0050E-13
6.7880E+01	4.0080E-13
6.8230E+01	4.0120E-13
6.8580E+01	4.0150E-13
6.8930E+01	4.0190E-13
6.9280E+01	4.0230E-13
6.9630E+01	4.0260E-13
6.9980E+01	4.0300E-13
7.0330E+01	4.0330E-13
7.0690E+01	4.0370E-13
7.1040E+01	4.0400E-13
7.1400E+01	4.0440E-13
7.1750E+01	4.0470E-13
7.2110E+01	4.0500E-13
7.2470E+01	4.0540E-13
7.2830E+01	4.0570E-13
7.3190E+01	4.0610E-13
7.3550E+01	4.0640E-13
7.3910E+01	4.0670E-13
7.4270E+01	4.0710E-13
7.4630E+01	4.0740E-13
7.5000E+01	4.0750E-13
7.5360E+01	4.0780E-13
7.5730E+01	4.0810E-13
7.6100E+01	4.0850E-13
7.6460E+01	4.0880E-13
7.6830E+01	4.0910E-13
7.7200E+01	4.0940E-13
7.7570E+01	4.0980E-13
7.7940E+01	4.1010E-13
7.8310E+01	4.1040E-13
7.8680E+01	4.1070E-13
7.9060E+01	4.1100E-13
7.9430E+01	4.1130E-13
7.9810E+01	4.1170E-13
8.0180E+01	4.1200E-13
8.0560E+01	4.1230E-13
8.0940E+01	4.1260E-13
8.1310E+01	4.1290E-13
8.1690E+01	4.1320E-13
8.2070E+01	4.1350E-13
8.2460E+01	4.1380E-13
8.2840E+01	4.1410E-13
8.3220E+01	4.1440E-13
8.3600E+01	4.1470E-13
8.3990E+01	4.1490E-13
8.4370E+01	4.1520E-13
8.4760E+01	4.1550E-13
8.5150E+01	4.1580E-13
8.5530E+01	4.1610E-13
8.5920E+01	4.1630E-13
8.6310E+01	4.1660E-13
8.6710E+01	4.1690E-13
8.7100E+01	4.1720E-13
8.7490E+01	4.1750E-13
8.7880E+01	4.1770E-13
8.8280E+01	4.1800E-13
8.8680E+01	4.1830E-13
8.9070E+01	4.1860E-13
8.9470E+01	4.1890E-13
8.9870E+01	4.1910E-13
9.0270E+01	4.1940E-13
9.0670E+01	4.1970E-13
9.1070E+01	4.1990E-13
9.1470E+01	4.2020E-13
9.1880E+01	4.2050E-13
9.2280E+01	4.2070E-13
9.2690E+01	4.2100E-13
9.3090E+01	4.2120E-13
9.3500E+01	4.2150E-13
9.3860E+01	4.2190E-13
9.4270E+01	4.2210E-13
9.4680E+01	4.2240E-13
9.5090E+01	4.2260E-13
9.5510E+01	4.2290E-13
9.5920E+01	4.2310E-13
9.6330E+01	4.2340E-13
9.6750E+01	4.2360E-13
9.7170E+01	4.2390E-13
9.7580E+01	4.2410E-13
9.8000E+01	4.2440E-13
9.8420E+01	4.2460E-13
9.8840E+01	4.2490E-13
9.9260E+01	4.2510E-13
9.9680E+01	4.2530E-13
1.0010E+02	4.2560E-13
1.0050E+02	4.2580E-13
1.0100E+02	4.2600E-13
1.0140E+02	4.2630E-13
1.0180E+02	4.2650E-13
1.0220E+02	4.2670E-13
1.0270E+02	4.2700E-13
1.0310E+02	4.2720E-13
1.0350E+02	4.2740E-13
1.0400E+02	4.2760E-13
1.0440E+02	4.2790E-13
1.0480E+02	4.2810E-13
1.0530E+02	4.2810E-13
1.0570E+02	4.2830E-13
1.0610E+02	4.2850E-13
1.0660E+02	4.2880E-13
1.0700E+02	4.2900E-13
1.0750E+02	4.2920E-13
1.0790E+02	4.2940E-13
1.0830E+02	4.2960E-13
1.0880E+02	4.2980E-13
1.0920E+02	4.3000E-13
1.0970E+02	4.3020E-13
1.1010E+02	4.3040E-13
1.1060E+02	4.3060E-13
1.1100E+02	4.3080E-13
1.1150E+02	4.3100E-13
1.1190E+02	4.3120E-13
1.1240E+02	4.3140E-13
1.1280E+02	4.3160E-13
1.1330E+02	4.3180E-13
1.1370E+02	4.3200E-13
1.1420E+02	4.3220E-13
1.1460E+02	4.3240E-13
1.1510E+02	4.3260E-13
1.1560E+02	4.3280E-13
1.1600E+02	4.3300E-13
1.1650E+02	4.3320E-13
1.1700E+02	4.3340E-13
1.1740E+02	4.3350E-13
1.1790E+02	4.3370E-13
1.1830E+02	4.3390E-13
1.1880E+02	4.3400E-13
1.1930E+02	4.3420E-13
1.1970E+02	4.3440E-13
1.2020E+02	4.3460E-13
1.2070E+02	4.3470E-13
1.2110E+02	4.3490E-13
1.2160E+02	4.3510E-13
1.2210E+02	4.3530E-13
1.2260E+02	4.3540E-13
1.2310E+02	4.3560E-13
1.2350E+02	4.3580E-13
1.2400E+02	4.3590E-13
1.2450E+02	4.3610E-13
1.2500E+02	4.3630E-13
1.2550E+02	4.3640E-13
1.2590E+02	4.3660E-13
1.2640E+02	4.3680E-13
1.2690E+02	4.3690E-13
1.2740E+02	4.3710E-13
1.2790E+02	4.3720E-13
1.2840E+02	4.3740E-13
1.2890E+02	4.3750E-13
1.2940E+02	4.3770E-13
1.2990E+02	4.3790E-13
1.3040E+02	4.3800E-13
1.3090E+02	4.3820E-13
1.3140E+02	4.3830E-13
1.3190E+02	4.3850E-13
1.3240E+02	4.3860E-13
1.3290E+02	4.3880E-13
1.3340E+02	4.3890E-13
1.3390E+02	4.3890E-13
1.3440E+02	4.3900E-13
1.3490E+02	4.3920E-13
1.3540E+02	4.3930E-13
1.3590E+02	4.3950E-13
1.3640E+02	4.3960E-13
1.3690E+02	4.3970E-13
1.3740E+02	4.3990E-13
1.3800E+02	4.4000E-13
